              precision    recall  f1-score   support

           0       0.82      0.82      0.82      2018
           1       0.88      0.87      0.88      2076
           2       0.96      0.95      0.96      2087
           3       0.95      0.96      0.96      2182
           4       0.94      0.94      0.94      2130
           5       0.91      0.93      0.92      2094

    accuracy                           0.91     12587
   macro avg       0.91      0.91      0.91     12587
weighted avg       0.91      0.91      0.91     12587