              precision    recall  f1-score   support

           0       0.63      0.85      0.72      2018
           1       0.82      0.59      0.69      2076
           2       0.97      0.95      0.96      2087
           3       0.95      0.95      0.95      2182
           4       0.96      0.95      0.95      2130
           5       0.95      0.92      0.94      2094

    accuracy                           0.87     12587
   macro avg       0.88      0.87      0.87     12587
weighted avg       0.88      0.87      0.87     12587